-10.00 	 0.544021 	 -0.054402 
-9.95 	 0.501405 	 -0.050392 
-9.90 	 0.457536 	 -0.046216 
-9.85 	 0.412523 	 -0.041881 
-9.80 	 0.366479 	 -0.037396 
-9.75 	 0.319519 	 -0.032771 
-9.70 	 0.271761 	 -0.028017 
-9.65 	 0.223323 	 -0.023142 
-9.60 	 0.174327 	 -0.018159 
-9.55 	 0.124895 	 -0.013078 
-9.50 	 0.075151 	 -0.007911 
-9.45 	 0.025219 	 -0.002669 
-9.40 	 -0.024775 	 0.002636 
-9.35 	 -0.074708 	 0.007990 
-9.30 	 -0.124454 	 0.013382 
-9.25 	 -0.173889 	 0.018799 
-9.20 	 -0.222890 	 0.024227 
-9.15 	 -0.271333 	 0.029654 
-9.10 	 -0.319098 	 0.035066 
-9.05 	 -0.366066 	 0.040449 
-9.00 	 -0.412118 	 0.045791 
-8.95 	 -0.457141 	 0.051077 
-8.90 	 -0.501021 	 0.056294 
-8.85 	 -0.543648 	 0.061429 
-8.80 	 -0.584917 	 0.066468 
-8.75 	 -0.624724 	 0.071397 
-8.70 	 -0.662969 	 0.076203 
-8.65 	 -0.699557 	 0.080874 
-8.60 	 -0.734397 	 0.085395 
-8.55 	 -0.767401 	 0.089755 
-8.50 	 -0.798487 	 0.093940 
-8.45 	 -0.827577 	 0.097938 
-8.40 	 -0.854599 	 0.101738 
-8.35 	 -0.879484 	 0.105327 
-8.30 	 -0.902172 	 0.108695 
-8.25 	 -0.922604 	 0.111831 
-8.20 	 -0.940731 	 0.114723 
-8.15 	 -0.956506 	 0.117363 
-8.10 	 -0.969890 	 0.119739 
-8.05 	 -0.980850 	 0.121845 
-8.00 	 -0.989358 	 0.123670 
-7.95 	 -0.995394 	 0.125207 
-7.90 	 -0.998941 	 0.126448 
-7.85 	 -0.999992 	 0.127388 
-7.80 	 -0.998543 	 0.128018 
-7.75 	 -0.994599 	 0.128335 
-7.70 	 -0.988168 	 0.128334 
-7.65 	 -0.979268 	 0.128009 
-7.60 	 -0.967920 	 0.127358 
-7.55 	 -0.954152 	 0.126378 
-7.50 	 -0.938000 	 0.125067 
-7.45 	 -0.919503 	 0.123423 
-7.40 	 -0.898708 	 0.121447 
-7.35 	 -0.875667 	 0.119138 
-7.30 	 -0.850437 	 0.116498 
-7.25 	 -0.823081 	 0.113528 
-7.20 	 -0.793668 	 0.110232 
-7.15 	 -0.762271 	 0.106611 
-7.10 	 -0.728969 	 0.102672 
-7.05 	 -0.693845 	 0.098418 
-7.00 	 -0.656987 	 0.093855 
-6.95 	 -0.618486 	 0.088991 
-6.90 	 -0.578440 	 0.083832 
-6.85 	 -0.536948 	 0.078387 
-6.80 	 -0.494113 	 0.072664 
-6.75 	 -0.450044 	 0.066673 
-6.70 	 -0.404850 	 0.060425 
-6.65 	 -0.358644 	 0.053931 
-6.60 	 -0.311541 	 0.047203 
-6.55 	 -0.263660 	 0.040253 
-6.50 	 -0.215120 	 0.033095 
-6.45 	 -0.166042 	 0.025743 
-6.40 	 -0.116549 	 0.018211 
-6.35 	 -0.066765 	 0.010514 
-6.30 	 -0.016814 	 0.002669 
-6.25 	 0.033179 	 -0.005309 
-6.20 	 0.083089 	 -0.013402 
-6.15 	 0.132792 	 -0.021592 
-6.10 	 0.182163 	 -0.029863 
-6.05 	 0.231078 	 -0.038195 
-6.00 	 0.279415 	 -0.046569 
-5.95 	 0.327055 	 -0.054967 
-5.90 	 0.373877 	 -0.063369 
-5.85 	 0.419764 	 -0.071755 
-5.80 	 0.464602 	 -0.080104 
-5.75 	 0.508279 	 -0.088396 
-5.70 	 0.550686 	 -0.096611 
-5.65 	 0.591716 	 -0.104728 
-5.60 	 0.631267 	 -0.112726 
-5.55 	 0.669240 	 -0.120584 
-5.50 	 0.705540 	 -0.128280 
-5.45 	 0.740077 	 -0.135794 
-5.40 	 0.772764 	 -0.143105 
-5.35 	 0.803520 	 -0.150191 
-5.30 	 0.832267 	 -0.157032 
-5.25 	 0.858934 	 -0.163607 
-5.20 	 0.883455 	 -0.169895 
-5.15 	 0.905767 	 -0.175877 
-5.10 	 0.925815 	 -0.181532 
-5.05 	 0.943549 	 -0.186841 
-5.00 	 0.958924 	 -0.191785 
-4.95 	 0.971903 	 -0.196344 
-4.90 	 0.982453 	 -0.200501 
-4.85 	 0.990547 	 -0.204236 
-4.80 	 0.996165 	 -0.207534 
-4.75 	 0.999293 	 -0.210377 
-4.70 	 0.999923 	 -0.212750 
-4.65 	 0.998054 	 -0.214635 
-4.60 	 0.993691 	 -0.216020 
-4.55 	 0.986844 	 -0.216889 
-4.50 	 0.977530 	 -0.217229 
-4.45 	 0.965773 	 -0.217028 
-4.40 	 0.951602 	 -0.216273 
-4.35 	 0.935053 	 -0.214955 
-4.30 	 0.916166 	 -0.213062 
-4.25 	 0.894989 	 -0.210586 
-4.20 	 0.871576 	 -0.207518 
-4.15 	 0.845984 	 -0.203851 
-4.10 	 0.818277 	 -0.199580 
-4.05 	 0.788525 	 -0.194698 
-4.00 	 0.756802 	 -0.189201 
-3.95 	 0.723188 	 -0.183086 
-3.90 	 0.687766 	 -0.176350 
-3.85 	 0.650625 	 -0.168994 
-3.80 	 0.611858 	 -0.161015 
-3.75 	 0.571561 	 -0.152416 
-3.70 	 0.529836 	 -0.143199 
-3.65 	 0.486787 	 -0.133366 
-3.60 	 0.442520 	 -0.122922 
-3.55 	 0.397148 	 -0.111873 
-3.50 	 0.350783 	 -0.100224 
-3.45 	 0.303542 	 -0.087983 
-3.40 	 0.255541 	 -0.075159 
-3.35 	 0.206902 	 -0.061762 
-3.30 	 0.157746 	 -0.047802 
-3.25 	 0.108195 	 -0.033291 
-3.20 	 0.058374 	 -0.018242 
-3.15 	 0.008407 	 -0.002669 
-3.10 	 -0.041581 	 0.013413 
-3.05 	 -0.091465 	 0.029988 
-3.00 	 -0.141120 	 0.047040 
-2.95 	 -0.190423 	 0.064550 
-2.90 	 -0.239249 	 0.082500 
-2.85 	 -0.287478 	 0.100869 
-2.80 	 -0.334988 	 0.119639 
-2.75 	 -0.381661 	 0.138786 
-2.70 	 -0.427380 	 0.158289 
-2.65 	 -0.472031 	 0.178125 
-2.60 	 -0.515501 	 0.198270 
-2.55 	 -0.557684 	 0.218699 
-2.50 	 -0.598472 	 0.239389 
-2.45 	 -0.637765 	 0.260312 
-2.40 	 -0.675463 	 0.281443 
-2.35 	 -0.711473 	 0.302755 
-2.30 	 -0.745705 	 0.324220 
-2.25 	 -0.778073 	 0.345810 
-2.20 	 -0.808496 	 0.367498 
-2.15 	 -0.836899 	 0.389255 
-2.10 	 -0.863209 	 0.411052 
-2.05 	 -0.887362 	 0.432860 
-2.00 	 -0.909297 	 0.454649 
-1.95 	 -0.928960 	 0.476390 
-1.90 	 -0.946300 	 0.498053 
-1.85 	 -0.961275 	 0.519608 
-1.80 	 -0.973848 	 0.541026 
-1.75 	 -0.983986 	 0.562278 
-1.70 	 -0.991665 	 0.583332 
-1.65 	 -0.996865 	 0.604161 
-1.60 	 -0.999574 	 0.624734 
-1.55 	 -0.999784 	 0.645022 
-1.50 	 -0.997495 	 0.664997 
-1.45 	 -0.992713 	 0.684630 
-1.40 	 -0.985450 	 0.703893 
-1.35 	 -0.975723 	 0.722758 
-1.30 	 -0.963558 	 0.741199 
-1.25 	 -0.948985 	 0.759188 
-1.20 	 -0.932039 	 0.776699 
-1.15 	 -0.912764 	 0.793708 
-1.10 	 -0.891207 	 0.810189 
-1.05 	 -0.867423 	 0.826117 
-1.00 	 -0.841471 	 0.841471 
-0.95 	 -0.813416 	 0.856227 
-0.90 	 -0.783327 	 0.870363 
-0.85 	 -0.751280 	 0.883859 
-0.80 	 -0.717356 	 0.896695 
-0.75 	 -0.681639 	 0.908852 
-0.70 	 -0.644218 	 0.920311 
-0.65 	 -0.605186 	 0.931056 
-0.60 	 -0.564642 	 0.941071 
-0.55 	 -0.522687 	 0.950340 
-0.50 	 -0.479426 	 0.958851 
-0.45 	 -0.434966 	 0.966590 
-0.40 	 -0.389418 	 0.973546 
-0.35 	 -0.342898 	 0.979708 
-0.30 	 -0.295520 	 0.985067 
-0.25 	 -0.247404 	 0.989616 
-0.20 	 -0.198669 	 0.993347 
-0.15 	 -0.149438 	 0.996254 
-0.10 	 -0.099833 	 0.998334 
-0.05 	 -0.049979 	 0.999583 
0.00 	 0.000000 	 nan 
0.05 	 0.049979 	 0.999583 
0.10 	 0.099833 	 0.998334 
0.15 	 0.149438 	 0.996254 
0.20 	 0.198669 	 0.993347 
0.25 	 0.247404 	 0.989616 
0.30 	 0.295520 	 0.985067 
0.35 	 0.342898 	 0.979708 
0.40 	 0.389418 	 0.973546 
0.45 	 0.434966 	 0.966590 
0.50 	 0.479426 	 0.958851 
0.55 	 0.522687 	 0.950340 
0.60 	 0.564642 	 0.941071 
0.65 	 0.605186 	 0.931056 
0.70 	 0.644218 	 0.920311 
0.75 	 0.681639 	 0.908852 
0.80 	 0.717356 	 0.896695 
0.85 	 0.751280 	 0.883859 
0.90 	 0.783327 	 0.870363 
0.95 	 0.813416 	 0.856227 
1.00 	 0.841471 	 0.841471 
1.05 	 0.867423 	 0.826117 
1.10 	 0.891207 	 0.810189 
1.15 	 0.912764 	 0.793708 
1.20 	 0.932039 	 0.776699 
1.25 	 0.948985 	 0.759188 
1.30 	 0.963558 	 0.741199 
1.35 	 0.975723 	 0.722758 
1.40 	 0.985450 	 0.703893 
1.45 	 0.992713 	 0.684630 
1.50 	 0.997495 	 0.664997 
1.55 	 0.999784 	 0.645022 
1.60 	 0.999574 	 0.624734 
1.65 	 0.996865 	 0.604161 
1.70 	 0.991665 	 0.583332 
1.75 	 0.983986 	 0.562278 
1.80 	 0.973848 	 0.541026 
1.85 	 0.961275 	 0.519608 
1.90 	 0.946300 	 0.498053 
1.95 	 0.928960 	 0.476390 
2.00 	 0.909297 	 0.454649 
2.05 	 0.887362 	 0.432860 
2.10 	 0.863209 	 0.411052 
2.15 	 0.836899 	 0.389255 
2.20 	 0.808496 	 0.367498 
2.25 	 0.778073 	 0.345810 
2.30 	 0.745705 	 0.324220 
2.35 	 0.711473 	 0.302755 
2.40 	 0.675463 	 0.281443 
2.45 	 0.637765 	 0.260312 
2.50 	 0.598472 	 0.239389 
2.55 	 0.557684 	 0.218699 
2.60 	 0.515501 	 0.198270 
2.65 	 0.472031 	 0.178125 
2.70 	 0.427380 	 0.158289 
2.75 	 0.381661 	 0.138786 
2.80 	 0.334988 	 0.119639 
2.85 	 0.287478 	 0.100869 
2.90 	 0.239249 	 0.082500 
2.95 	 0.190423 	 0.064550 
3.00 	 0.141120 	 0.047040 
3.05 	 0.091465 	 0.029988 
3.10 	 0.041581 	 0.013413 
3.15 	 -0.008407 	 -0.002669 
3.20 	 -0.058374 	 -0.018242 
3.25 	 -0.108195 	 -0.033291 
3.30 	 -0.157746 	 -0.047802 
3.35 	 -0.206902 	 -0.061762 
3.40 	 -0.255541 	 -0.075159 
3.45 	 -0.303542 	 -0.087983 
3.50 	 -0.350783 	 -0.100224 
3.55 	 -0.397148 	 -0.111873 
3.60 	 -0.442520 	 -0.122922 
3.65 	 -0.486787 	 -0.133366 
3.70 	 -0.529836 	 -0.143199 
3.75 	 -0.571561 	 -0.152416 
3.80 	 -0.611858 	 -0.161015 
3.85 	 -0.650625 	 -0.168994 
3.90 	 -0.687766 	 -0.176350 
3.95 	 -0.723188 	 -0.183086 
4.00 	 -0.756802 	 -0.189201 
4.05 	 -0.788525 	 -0.194698 
4.10 	 -0.818277 	 -0.199580 
4.15 	 -0.845984 	 -0.203851 
4.20 	 -0.871576 	 -0.207518 
4.25 	 -0.894989 	 -0.210586 
4.30 	 -0.916166 	 -0.213062 
4.35 	 -0.935053 	 -0.214955 
4.40 	 -0.951602 	 -0.216273 
4.45 	 -0.965773 	 -0.217028 
4.50 	 -0.977530 	 -0.217229 
4.55 	 -0.986844 	 -0.216889 
4.60 	 -0.993691 	 -0.216020 
4.65 	 -0.998054 	 -0.214635 
4.70 	 -0.999923 	 -0.212750 
4.75 	 -0.999293 	 -0.210377 
4.80 	 -0.996165 	 -0.207534 
4.85 	 -0.990547 	 -0.204236 
4.90 	 -0.982453 	 -0.200501 
4.95 	 -0.971903 	 -0.196344 
5.00 	 -0.958924 	 -0.191785 
5.05 	 -0.943549 	 -0.186841 
5.10 	 -0.925815 	 -0.181532 
5.15 	 -0.905767 	 -0.175877 
5.20 	 -0.883455 	 -0.169895 
5.25 	 -0.858934 	 -0.163607 
5.30 	 -0.832267 	 -0.157032 
5.35 	 -0.803520 	 -0.150191 
5.40 	 -0.772764 	 -0.143105 
5.45 	 -0.740077 	 -0.135794 
5.50 	 -0.705540 	 -0.128280 
5.55 	 -0.669240 	 -0.120584 
5.60 	 -0.631267 	 -0.112726 
5.65 	 -0.591716 	 -0.104728 
5.70 	 -0.550686 	 -0.096611 
5.75 	 -0.508279 	 -0.088396 
5.80 	 -0.464602 	 -0.080104 
5.85 	 -0.419764 	 -0.071755 
5.90 	 -0.373877 	 -0.063369 
5.95 	 -0.327055 	 -0.054967 
6.00 	 -0.279415 	 -0.046569 
6.05 	 -0.231078 	 -0.038195 
6.10 	 -0.182163 	 -0.029863 
6.15 	 -0.132792 	 -0.021592 
6.20 	 -0.083089 	 -0.013402 
6.25 	 -0.033179 	 -0.005309 
6.30 	 0.016814 	 0.002669 
6.35 	 0.066765 	 0.010514 
6.40 	 0.116549 	 0.018211 
6.45 	 0.166042 	 0.025743 
6.50 	 0.215120 	 0.033095 
6.55 	 0.263660 	 0.040253 
6.60 	 0.311541 	 0.047203 
6.65 	 0.358644 	 0.053931 
6.70 	 0.404850 	 0.060425 
6.75 	 0.450044 	 0.066673 
6.80 	 0.494113 	 0.072664 
6.85 	 0.536948 	 0.078387 
6.90 	 0.578440 	 0.083832 
6.95 	 0.618486 	 0.088991 
7.00 	 0.656987 	 0.093855 
7.05 	 0.693845 	 0.098418 
7.10 	 0.728969 	 0.102672 
7.15 	 0.762271 	 0.106611 
7.20 	 0.793668 	 0.110232 
7.25 	 0.823081 	 0.113528 
7.30 	 0.850437 	 0.116498 
7.35 	 0.875667 	 0.119138 
7.40 	 0.898708 	 0.121447 
7.45 	 0.919503 	 0.123423 
7.50 	 0.938000 	 0.125067 
7.55 	 0.954152 	 0.126378 
7.60 	 0.967920 	 0.127358 
7.65 	 0.979268 	 0.128009 
7.70 	 0.988168 	 0.128334 
7.75 	 0.994599 	 0.128335 
7.80 	 0.998543 	 0.128018 
7.85 	 0.999992 	 0.127388 
7.90 	 0.998941 	 0.126448 
7.95 	 0.995394 	 0.125207 
8.00 	 0.989358 	 0.123670 
8.05 	 0.980850 	 0.121845 
8.10 	 0.969890 	 0.119739 
8.15 	 0.956506 	 0.117363 
8.20 	 0.940731 	 0.114723 
8.25 	 0.922604 	 0.111831 
8.30 	 0.902172 	 0.108695 
8.35 	 0.879484 	 0.105327 
8.40 	 0.854599 	 0.101738 
8.45 	 0.827577 	 0.097938 
8.50 	 0.798487 	 0.093940 
8.55 	 0.767401 	 0.089755 
8.60 	 0.734397 	 0.085395 
8.65 	 0.699557 	 0.080874 
8.70 	 0.662969 	 0.076203 
8.75 	 0.624724 	 0.071397 
8.80 	 0.584917 	 0.066468 
8.85 	 0.543648 	 0.061429 
8.90 	 0.501021 	 0.056294 
8.95 	 0.457141 	 0.051077 
9.00 	 0.412118 	 0.045791 
9.05 	 0.366066 	 0.040449 
9.10 	 0.319098 	 0.035066 
9.15 	 0.271333 	 0.029654 
9.20 	 0.222890 	 0.024227 
9.25 	 0.173889 	 0.018799 
9.30 	 0.124454 	 0.013382 
9.35 	 0.074708 	 0.007990 
9.40 	 0.024775 	 0.002636 
9.45 	 -0.025219 	 -0.002669 
9.50 	 -0.075151 	 -0.007911 
9.55 	 -0.124895 	 -0.013078 
9.60 	 -0.174327 	 -0.018159 
9.65 	 -0.223323 	 -0.023142 
9.70 	 -0.271761 	 -0.028017 
9.75 	 -0.319519 	 -0.032771 
9.80 	 -0.366479 	 -0.037396 
9.85 	 -0.412523 	 -0.041881 
9.90 	 -0.457536 	 -0.046216 
9.95 	 -0.501405 	 -0.050392 
10.00 	 -0.544021 	 -0.054402 
